8
55 324 434 324 -1
434 324 434 149 -1
434 149 544 149 -1
544 149 544 75 -1
544 75 165 75 1
165 75 165 250 1
165 250 55 250 1
55 250 55 324 1
3
57 252 46 71
270 170 60 60
496 77 46 71
12
4
175 80
175 299
395 299
395 80
4
175 299
395 299
395 80
175 80
4
395 299
395 80
175 80
175 299
4
395 80
175 80
175 299
395 299
4
205 110
365 110
365 269
205 269
4
365 110
365 269
205 269
205 110
4
365 269
205 269
205 110
365 110
4
205 269
205 110
365 110
365 269
4
235 140
235 239
335 239
335 140
4
235 239
335 239
335 140
235 140
4
335 239
335 140
235 140
235 239
4
335 140
235 140
235 239
335 239